1819 2114 2116 2053 2444 1819 2238 2292 1763 1909 1731 2129 2292 1806 2058 1632 2169 2240 1863 2058 1673 1694 2130 2130 1685 
2158 2649 2242 2535 2774 2127 2649 2312 2538 3124 2038 2579 2579 2686 2099 1866 2328 2450 2686 2091 1866 2013 2655 2244 2074 
9189 2390 2175 2175 2357 9919 2390 2390 2034 2357 2122 2448 2448 2034 2242 2084 2084 2524 2219 2242 2307 2124 2524 2290 2721 
3355 4144 3621 4015 4578 3663 3244 4572 3572 4320 3993 3219 3219 3600 3623 3993 3993 3759 3640 3802 4552 4851 3759 3543 3861 
4564 4389 3824 2794 4827 4366 4510 3810 6413 4457 4366 5292 3992 1784 3329 5468 5292 5512 8182 2341 5468 4249 5003 5274 2341 
5129 4861 4752 4942 4976 5003 5070 4856 4970 4974 5043 5070 4675 4802 4974 5145 4968 5034 5177 4994 5145 5245 4577 5181 5498 
4929 4894 5374 3743 4438 4823 4993 5134 4774 4436 5040 5360 5032 5039 5081 5224 5256 5360 5377 4785 5270 5423 4891 5469 5618 
6812 6763 6800 7063 5782 6947 6839 6778 7103 6138 4789 4796 6837 7159 6677 5261 4643 5045 5210 7363 5158 4643 4664 5383 5285 
4868 4786 4795 5191 4415 5238 4979 4795 5348 4415 5006 4849 4816 5328 4783 5250 4849 4991 4991 5328 5413 4331 4331 5045 5613 
3747 2964 3221 3939 3360 3747 3320 3637 3939 4000 3718 3409 3637 3961 3618 3974 3254 3411 4114 3618 3718 3254 3478 3478 3605 
2498 2548 2437 2590 2338 2485 2548 2238 2577 2590 2551 2623 2623 2545 2813 2530 2449 2586 2545 2769 2530 2339 2190 2670 3078 
1622 1842 1922 1877 1704 2076 1747 1611 1281 1546 1646 1889 1764 1433 1456 1337 1957 1688 1385 1660 1337 1597 2064 1830 1516 
1886 2048 2353 2210 2704 1946 2048 2400 1768 2185 1768 2009 2121 1768 2185 1530 2155 2039 1788 2358 1686 1988 1988 2180 2049 
2720 2666 2841 2954 2954 2281 2281 2848 2848 2458 1930 2782 2535 2796 2458 1951 2782 2554 2532 2262 2072 2454 2822 2532 1922 
4559 4601 5238 5404 5558 4377 4120 4601 5423 5290 4067 4612 4154 4871 5290 4601 4893 4287 4754 4670 4590 4893 4056 4694 4313 
5758 5343 5866 6444 4253 5490 5375 5832 6444 5278 5458 4944 4961 6402 5381 5948 4724 4724 5993 5993 5787 6101 3888 5381 6053 
4593 4899 5174 5294 5294 4993 4993 5521 6342 5968 5063 4622 4679 5060 5585 6155 5761 4491 4840 5585 5790 5761 3661 5038 5599 
2495 2412 2519 2475 2234 2496 2461 2519 2794 2523 2665 2461 2520 2520 2611 2665 2426 2426 2546 2611 2599 2599 2282 2546 2954 
2082 2067 2107 2221 2181 2058 2112 2277 2221 2274 2201 2172 2245 2103 2231 2201 2119 2260 2000 2233 2128 2179 2260 2217 2415 
1769 1703 1673 1674 1994 1587 1786 1881 1646 1856 1551 1841 1835 1624 1758 1551 1820 1858 1624 1682 1600 1662 1812 1705 1714 
1692 1825 1700 1700 1855 1527 1825 1825 1591 1855 1527 1882 1882 1591 1575 1434 1882 1882 1676 1580 1434 1434 1902 1676 1580 
1815 1833 1779 1457 2019 1589 1840 1779 1477 1923 1491 1796 2141 1500 1368 1330 1771 1791 1488 1608 1442 1771 2043 1857 1425 
1555 2001 1487 1818 2041 1513 2003 1995 1654 1325 1380 1840 2062 1707 1287 1299 1877 1884 1707 1359 1388 1551 1896 1665 1701 
1818 1985 1685 1581 2099 1583 2401 1766 1888 2288 1500 2373 2401 1908 1779 1372 1849 1918 1821 1542 1503 1565 2047 1736 1431 
2042 2228 1995 1977 3394 2064 2228 2259 2259 3325 1637 2228 2259 2259 1725 1629 2321 2321 2259 1725 1624 2321 2321 2375 1748 
3125 3043 3043 2977 4094 1979 1979 3043 2977 4094 1979 1979 2454 2052 2052 1749 1979 2454 2052 2052 1724 1613 1683 1683 2052 
4019 3832 3563 3685 3685 3757 4235 3563 3563 3436 3878 4235 4235 3765 3436 3878 4288 4288 3765 3496 4395 4395 4288 3913 3427 
3963 4458 4795 4795 4873 3963 4494 4642 4795 4873 3755 4494 4494 4642 4780 3755 4293 4494 4642 4780 3755 3755 4038 4601 4901 
6127 6154 6154 6637 6305 6414 6414 6154 6860 4366 5302 6414 5981 6202 6425 5302 5803 5667 6202 4272 5684 6227 5667 6279 4997 
6096 6004 6348 6470 6470 6021 6035 6348 6348 6659 5868 5757 5714 6117 6659 5925 5789 5714 6117 6698 6096 6131 5511 5945 6698 
5035 6142 6337 5633 6018 5088 6088 6081 6864 6864 5011 6076 6081 6081 6627 5034 6076 6076 6264 6627 4977 6439 5765 6264 6737 
4632 4414 4161 4289 2484 4594 4458 4224 4289 4097 4640 4327 4249 4507 4383 4905 4609 4401 4565 5056 5047 4393 4219 4639 4484 
3644 3510 3115 3315 3353 3644 3344 3148 4068 4037 3684 3495 3148 3769 3211 4249 3463 3584 3584 3732 4318 3710 3463 3585 3873 
2532 2532 2823 2867 2892 2753 2560 2823 2735 3043 2920 2673 2972 2736 2713 3644 3078 2911 2741 2713 2839 3078 2855 2831 3420 
2006 2004 1629 1606 2376 1526 1833 1600 1600 2490 1521 1877 1987 1633 1303 1268 1654 1780 1863 1437 1212 1654 1956 1674 1400 
2357 2226 2121 2585 2341 2372 2259 2340 2714 2550 2369 2216 2406 2714 2191 2075 1802 2107 2552 1985 1611 1802 2033 2412 1694 
3375 3375 3762 3391 3401 2628 3288 3762 3552 3118 2632 3205 3465 3473 3118 2656 2627 3123 2956 3036 2970 3133 2823 2946 2271 
3246 3695 4149 3740 3591 3103 3688 4053 3740 3808 2911 3472 3513 4125 3567 3696 3191 3408 3221 3283 3479 3112 3408 3396 2704 
5854 5786 6106 6222 4743 5854 5541 5677 6222 6222 5690 5278 5677 5677 5891 6324 5278 5278 5118 5891 6324 6324 4565 5118 5706 
5390 5050 5570 5298 3898 5207 5016 5074 6487 5240 5207 4612 5074 6179 5142 5867 4301 4774 5592 5142 6210 4301 4683 4683 4891 
2619 2457 2545 2858 2822 2658 2579 2601 3416 2972 2658 2450 2619 2917 3343 3017 2671 2619 2513 3370 2889 2656 2566 2788 3370 
2250 2222 2345 2563 2411 2332 2199 2322 2709 2421 2501 2172 2278 2571 2422 2621 2342 2298 2479 2484 2368 2305 2326 2410 2493 
1946 1544 1485 1485 1701 1781 1571 1768 1402 1498 1781 1547 1957 1516 1387 1371 1593 1665 1519 1427 1383 1946 2040 1519 1367 
1812 1627 1480 1536 1844 1633 1672 1867 1374 1615 1424 1738 1899 1452 1504 1292 1647 1615 1452 1612 1577 1608 1999 1850 1455 
3013 2654 2494 1984 2835 2348 2632 2494 1984 2047 1976 2632 2779 1845 1984 1861 2409 2779 2151 2151 2113 2409 2676 2676 2151 
3097 3063 3063 3019 2927 3097 2956 2808 2593 3307 2578 2909 2951 2822 3307 2578 2357 3114 2703 3307 2601 2601 3114 2577 2764 
2339 2499 2140 2183 2183 2339 2499 2412 2412 2162 1937 2592 2592 2412 2162 1915 2592 2592 2566 1991 1915 1915 2369 2566 1991 
2758 2789 2780 2511 3207 2758 2788 2780 2514 2512 2233 2723 5606 2514 2514 2238 2693 3412 4896 3804 2240 2640 3412 3954 3804 
1771 1834 1840 2831 3703 2924 2872 3612 2132 2390 2417 3486 3612 2261 2390 1905 1802 3389 3057 2597 2478 1804 1849 3057 2435 
2910 2910 2556 2732 4676 2697 2967 3059 2359 2732 2643 2967 3099 2743 2550 2671 3563 3306 3248 2685 3144 3227 3488 3248 2596 
4659 4788 4266 3168 4082 4299 4449 4788 2929 3785 4408 5025 4391 2488 3785 4368 5025 4772 2488 2488 5146 4648 4560 5096 4103 
5492 5572 5772 5607 5607 5856 5605 5772 5772 5804 5690 5605 5936 5936 5804 5690 5245 5245 5936 5931 5898 5898 5245 5645 5882 
4931 4964 4608 5212 5352 4883 5284 5419 5083 5352 4627 5344 5270 5377 5098 4382 5041 5168 5175 5345 4836 5041 4962 5175 4811 
4915 5577 5544 5811 5151 5133 5664 5645 5836 5489 4737 5058 5645 6123 5316 4804 5058 4788 6123 5683 4775 4971 4404 5203 5216 
4625 4470 4657 4922 3982 4761 3749 4702 4776 4946 3990 4471 4576 4776 3894 4415 4500 4672 5080 5095 5350 4364 4672 5358 4470 
4792 4446 3238 3406 4118 4493 4714 3366 3406 4154 4493 4657 3506 3547 3991 5070 5125 3506 3717 4053 5023 4779 3721 4024 4407 
2294 2295 2212 2128 2891 2142 2409 2408 2004 2937 2142 2549 2558 2203 2026 2253 2253 2732 2558 2498 2015 2626 2243 2765 2916 
2432 2058 2070 2276 3300 1990 2094 2085 1914 2559 2004 2052 2065 2197 1964 1589 2179 2032 2152 2005 1524 1875 2208 1872 1659 
3881 4216 4505 4310 4287 3920 4184 4420 3924 4289 3920 4198 3975 3925 4027 3535 3564 3974 3791 3792 3990 3564 3874 3868 3792 
3900 3346 3433 3408 2995 3002 3228 3628 3917 2995 3101 2980 3227 3261 2891 2918 2980 2888 2976 3734 3978 3082 2851 3102 2818 
5863 6605 6461 5618 4636 5731 5842 5955 6308 5540 5731 5506 5955 5934 5645 6040 5115 5058 5645 5645 6856 6860 5115 5236 5645 
4351 4596 4666 6414 3279 4411 4411 4933 4933 4496 5733 4044 4138 6303 4496 6153 4093 5070 6039 6039 4418 4552 4926 4020 6039 
5857 5517 5969 6097 3884 5122 5644 6044 6097 5856 5650 5122 5000 5201 5915 6407 5169 4532 4852 5580 5050 5636 3958 4714 5579 
4503 4994 4994 5417 4162 4575 4624 4726 5417 5562 5088 3888 4107 5296 5233 6062 4134 4025 4555 4714 6062 4150 3698 4665 4907 
2910 2987 3498 3498 3525 2898 3229 3229 3419 3525 2898 2898 3023 3419 3470 3113 3113 3023 2961 3208 3221 3204 2941 3341 3207 
1810 1898 1804 1842 2105 1759 1898 1800 1761 2036 1733 1898 1902 1761 1762 1618 1939 1824 1715 1834 1666 1618 1960 1796 1796 
1752 1963 1726 1654 2157 1835 1963 2071 1625 1820 1770 2118 2151 1625 1636 1441 2055 1970 1846 1911 1515 2108 1996 1871 1762 
2958 2783 2771 2985 3151 2958 3242 2941 2254 3097 3202 3228 3228 2446 2673 2257 2960 3228 3071 2781 2992 3011 3190 3296 2781 
2680 3048 2789 2372 2764 2680 3117 2937 2128 2469 2733 2913 2937 2472 2689 2324 2849 3116 2641 2689 2731 3202 2968 2968 2954 
3655 3593 3384 3380 3375 3628 3342 2983 3213 4221 3120 3342 3695 3256 3332 2944 3342 3400 3443 3482 3406 2945 3184 3097 2953 
4023 3117 4104 3212 2691 4017 3412 4104 3214 3663 4016 5723 3840 3278 3253 3320 5546 3244 3278 3986 3319 3251 3366 3255 2786 
2049 1805 2768 1625 2514 3605 1805 1890 1387 1478 2980 1715 1801 1387 1216 2980 1799 1942 3017 1509 2440 1561 2032 3053 2900 
4247 4348 3929 3940 3621 4085 4324 3907 3893 4155 4013 4687 3893 3879 4150 4003 4679 4486 4122 4148 4172 4660 4494 4338 4445 
5727 4079 4698 4607 5262 5593 6126 6408 5318 5281 5593 6500 6407 5462 5174 5158 5495 6574 5530 5174 5287 5495 5260 5332 5036 
5556 5373 5370 5799 4802 5556 5448 5326 5799 5468 5340 5168 5326 5629 5629 5375 5472 5277 5277 5503 5509 5515 5157 5608 5503 
5198 5292 5292 5465 5134 5063 5471 5298 5260 5721 5063 5469 5053 5445 5547 5471 5462 5053 5301 5433 5279 5333 4973 5213 5433 
4903 4868 5043 5108 5169 4903 4925 4927 5404 5533 4563 4800 4927 5337 5306 4861 4670 4781 5160 5306 4856 4667 4680 4966 5187 
4137 4188 4108 4428 4170 4155 4185 4003 4277 4174 4008 4088 4102 4201 4301 4325 4179 3980 4271 4312 4015 4179 3861 4271 4499 
2664 2543 2782 2541 3056 2685 2543 2563 2291 3056 3082 2543 2568 2620 2484 3082 2984 2945 2620 2883 2565 2570 2945 3484 3747 
2490 2591 2179 2381 2894 2555 2269 2486 2249 2238 2802 2519 2221 2154 2345 2802 2747 2825 2593 2934 2301 2444 2435 3078 2661 
1885 2056 1920 1654 2361 1948 2182 2240 1751 2315 1765 2255 1961 1937 1664 1615 1957 1845 1744 1946 1721 1957 1958 1856 1769 
2414 2552 2826 2172 2488 2477 2735 2776 2452 2205 2196 2889 2659 2327 2288 2322 2282 2659 2327 2162 2450 2346 2337 2197 2162 
2622 2933 2326 2465 2482 2612 2997 2769 2769 2533 2133 2784 2982 2812 2184 1911 2784 2605 2095 2094 2625 2518 2441 2095 1694 
4497 4486 4745 4431 4174 4312 4522 5262 5262 5104 4657 4519 6499 6625 6379 5110 5110 6165 6121 6306 4293 4716 4028 6043 6189 
4825 4967 5298 4903 4903 4825 4997 4745 5358 5244 4789 4571 4745 5176 4838 5058 4547 4504 4969 4789 5372 4995 4018 4579 4789 
4428 4801 5083 4938 4826 4623 4584 5130 5082 5017 4777 4122 4376 4811 5014 5201 4392 4381 4885 4882 4809 4392 3797 4629 4877 
3428 3428 4023 4005 3053 3645 3335 3705 4005 4005 3878 3224 3369 3542 4080 4312 3409 3521 3987 3859 3791 3409 3173 3987 3866 
3038 2725 3020 3270 2872 2886 2466 3054 3425 3098 2947 2463 2813 3016 3098 3273 2437 3047 3016 2715 3273 2603 2674 3294 3018 
1886 1901 1834 1899 2238 1653 1955 1834 1747 1747 1807 1738 1955 1846 1774 1796 1775 1923 1889 1774 1523 1775 2040 1864 1805 
1470 1749 1494 1523 2024 1465 1749 1814 1523 1933 1500 1731 1845 1414 1497 1395 1797 1731 1634 1641 1395 1764 2003 1567 1623 
1861 1983 1652 1894 2378 1861 2298 1652 1567 1567 1719 2020 2108 1882 1695 1596 1893 2108 1905 1659 1789 1933 2100 1843 1659 
2312 2413 2113 1886 2645 2125 2413 2726 1984 2216 2080 2623 2766 1984 1975 1742 2687 2666 2201 2418 1742 2476 2936 1986 1929 
5541 3124 3056 2457 3358 5490 3124 3037 4390 4044 5442 3077 2810 6032 2908 4174 5855 2810 4693 3289 3246 3750 2584 1902 1902 
3051 3628 2925 3596 3585 4101 3628 2915 9797 3596 2365 3901 3901 3462 2869 2238 2661 2620 3462 2970 2154 2497 2909 2626 2627 
4270 3165 2696 3236 2692 4275 3165 3185 2777 2692 4282 3167 3190 2794 3551 2967 2953 3202 2796 3253 2946 2955 2962 2272 3205 
2321 3779 3347 3293 4490 3131 3779 3306 3418 4472 2903 3764 3838 2813 2651 2354 3328 3087 3087 3425 6700 3484 3087 3087 3425 
2543 8262 6286 5318 5086 4966 6371 6415 5357 5090 4672 6445 6790 5935 5095 3626 6510 6550 6074 5633 2950 4742 6298 6181 5654 
4318 4203 5977 5738 4001 3753 4221 4352 4472 4232 3753 4361 4352 4058 4240 3732 4525 4390 4221 4240 4295 4732 4233 4135 4477 
5173 5198 5017 5159 4264 5444 5198 4930 4705 5142 5774 5416 5442 5057 4705 5969 5416 5339 5686 5043 6236 5618 4760 5686 5470 
4750 4715 4431 4790 3626 4678 4903 4720 4685 5049 4653 4702 4743 4590 4886 4707 4702 4881 4818 4362 4729 4603 4395 4818 4488 
4261 4133 4126 4134 4535 4261 4421 4238 3888 4481 4236 4079 4238 3949 4481 4447 4120 4347 4115 3914 4287 3939 4354 4389 3768 
3034 2859 2615 2720 3040 3077 3007 2809 2461 2953 3110 2901 3016 2633 2670 3705 2809 3016 2770 2679 3339 2901 3237 3028 2679 
2066 2022 1852 1879 2397 1959 1954 1814 1717 2397 1990 1954 1954 1975 2183 1909 1879 1981 1968 2077 1966 1899 2289 1931 2188 
1442 1605 1468 1307 1791 1499 1605 1742 1441 1372 1519 1652 1573 1441 1371 1514 1766 1566 1504 1630 1549 1749 1818 1256 1394 
2074 2305 2286 2449 2533 2218 2357 2658 2367 2533 2151 2608 2283 2367 2391 2017 2608 2163 2347 2628 2562 2342 2180 2150 2150 
3132 3255 3642 3488 3200 3353 3376 3670 3373 3200 3195 3340 3251 3288 3093 3282 3340 3154 3221 3209 3839 3246 2896 3221 2914 
5201 5533 5562 5324 4264 5529 5533 5782 5286 4887 4608 4947 5264 5112 4976 4327 4552 4796 4979 4906 4691 5833 3735 4979 4670 
4904 5201 5822 5579 4388 5568 5267 5103 6268 6002 5483 4538 5107 5841 5722 5923 4878 4940 5934 5738 5444 4878 4590 5947 5518 
4997 5227 5913 5913 4415 5204 5204 4533 5913 6052 5922 5204 4533 5337 5594 5922 4829 4329 5337 5594 5355 5509 4329 5851 5807 
3755 5114 5753 5865 4335 5234 4878 5484 5891 5219 5533 4696 5035 5732 5738 4101 4480 4789 5605 5721 5501 3786 4551 5669 5776 
2111 2048 1967 1965 1953 1892 1985 1854 1893 2226 1799 1953 1912 1842 2040 1775 1953 1995 1995 1825 1916 1864 1971 2011 1945 
1638 1655 1412 1545 1736 1516 1655 1611 1400 2020 1500 1629 1863 1535 1487 1418 1584 1723 1673 1468 1582 1584 1811 1603 1462 
1735 1908 1348 1809 1674 1363 1555 1718 1304 2248 1901 2110 1605 1299 1539 1491 1901 2080 1865 1708 1499 1665 2078 1795 1403 
1976 1854 1569 1645 2320 1697 2334 1670 1511 2320 1581 2163 1979 1979 1796 1419 1926 2222 1997 1651 1895 1841 2075 1876 1482 
2581 2887 2443 2760 3139 2581 2668 3352 2755 2617 2621 2668 3314 2418 2703 2610 2956 3346 2418 2852 2582 2487 3135 2254 2204 
