2 23 25
1819 2158 9189 3355 4564 5129 4929 6812 4868 3747 2498 1622 1886 2720 4559 5758 4593 2495 2082 1769 1692 1815 1555 1818 2042 3125 4019 3963 6127 6096 5035 4632 3644 2532 2006 2357 3375 3246 5854 5390 2619 2250 1946 1812 3013 3097 
2114 2649 2390 4144 4389 4861 4894 6763 4786 2964 2548 1842 2048 2666 4601 5343 4899 2412 2067 1703 1825 1833 2001 1985 2228 3043 3832 4458 6154 6004 6142 4414 3510 2532 2004 2226 3375 3695 5786 5050 2457 2222 1544 1627 2654 3063 
2116 2242 2175 3621 3824 4752 5374 6800 4795 3221 2437 1922 2353 2841 5238 5866 5174 2519 2107 1673 1700 1779 1487 1685 1995 3043 3563 4795 6154 6348 6337 4161 3115 2823 1629 2121 3762 4149 6106 5570 2545 2345 1485 1480 2494 3063 
2053 2535 2175 4015 2794 4942 3743 7063 5191 3939 2590 1877 2210 2954 5404 6444 5294 2475 2221 1674 1700 1457 1818 1581 1977 2977 3685 4795 6637 6470 5633 4289 3315 2867 1606 2585 3391 3740 6222 5298 2858 2563 1485 1536 1984 3019 
2444 2774 2357 4578 4827 4976 4438 5782 4415 3360 2338 1704 2704 2954 5558 4253 5294 2234 2181 1994 1855 2019 2041 2099 3394 4094 3685 4873 6305 6470 6018 2484 3353 2892 2376 2341 3401 3591 4743 3898 2822 2411 1701 1844 2835 2927 
1819 2127 9919 3663 4366 5003 4823 6947 5238 3747 2485 2076 1946 2281 4377 5490 4993 2496 2058 1587 1527 1589 1513 1583 2064 1979 3757 3963 6414 6021 5088 4594 3644 2753 1526 2372 2628 3103 5854 5207 2658 2332 1781 1633 2348 3097 
2238 2649 2390 3244 4510 5070 4993 6839 4979 3320 2548 1747 2048 2281 4120 5375 4993 2461 2112 1786 1825 1840 2003 2401 2228 1979 4235 4494 6414 6035 6088 4458 3344 2560 1833 2259 3288 3688 5541 5016 2579 2199 1571 1672 2632 2956 
2292 2312 2390 4572 3810 4856 5134 6778 4795 3637 2238 1611 2400 2848 4601 5832 5521 2519 2277 1881 1825 1779 1995 1766 2259 3043 3563 4642 6154 6348 6081 4224 3148 2823 1600 2340 3762 4053 5677 5074 2601 2322 1768 1867 2494 2808 
1763 2538 2034 3572 6413 4970 4774 7103 5348 3939 2577 1281 1768 2848 5423 6444 6342 2794 2221 1646 1591 1477 1654 1888 2259 2977 3563 4795 6860 6348 6864 4289 4068 2735 1600 2714 3552 3740 6222 6487 3416 2709 1402 1374 1984 2593 
1909 3124 2357 4320 4457 4974 4436 6138 4415 4000 2590 1546 2185 2458 5290 5278 5968 2523 2274 1856 1855 1923 1325 2288 3325 4094 3436 4873 4366 6659 6864 4097 4037 3043 2490 2550 3118 3808 6222 5240 2972 2421 1498 1615 2047 3307 
1731 2038 2122 3993 4366 5043 5040 4789 5006 3718 2551 1646 1768 1930 4067 5458 5063 2665 2201 1551 1527 1491 1380 1500 1637 1979 3878 3755 5302 5868 5011 4640 3684 2920 1521 2369 2632 2911 5690 5207 2658 2501 1781 1424 1976 2578 
2129 2579 2448 3219 5292 5070 5360 4796 4849 3409 2623 1889 2009 2782 4612 4944 4622 2461 2172 1841 1882 1796 1840 2373 2228 1979 4235 4494 6414 5757 6076 4327 3495 2673 1877 2216 3205 3472 5278 4612 2450 2172 1547 1738 2632 2909 
2292 2579 2448 3219 3992 4675 5032 6837 4816 3637 2623 1764 2121 2535 4154 4961 4679 2520 2245 1835 1882 2141 2062 2401 2259 2454 4235 4494 5981 5714 6081 4249 3148 2972 1987 2406 3465 3513 5677 5074 2619 2278 1957 1899 2779 2951 
1806 2686 2034 3600 1784 4802 5039 7159 5328 3961 2545 1433 1768 2796 4871 6402 5060 2520 2103 1624 1591 1500 1707 1908 2259 2052 3765 4642 6202 6117 6081 4507 3769 2736 1633 2714 3473 4125 5677 6179 2917 2571 1516 1452 1845 2822 
2058 2099 2242 3623 3329 4974 5081 6677 4783 3618 2813 1456 2185 2458 5290 5381 5585 2611 2231 1758 1575 1368 1287 1779 1725 2052 3436 4780 6425 6659 6627 4383 3211 2713 1303 2191 3118 3567 5891 5142 3343 2422 1387 1504 1984 3307 
1632 1866 2084 3993 5468 5145 5224 5261 5250 3974 2530 1337 1530 1951 4601 5948 6155 2665 2201 1551 1434 1330 1299 1372 1629 1749 3878 3755 5302 5925 5034 4905 4249 3644 1268 2075 2656 3696 6324 5867 3017 2621 1371 1292 1861 2578 
2169 2328 2084 3993 5292 4968 5256 4643 4849 3254 2449 1957 2155 2782 4893 4724 5761 2426 2119 1820 1882 1771 1877 1849 2321 1979 4288 4293 5803 5789 6076 4609 3463 3078 1654 1802 2627 3191 5278 4301 2671 2342 1593 1647 2409 2357 
2240 2450 2524 3759 5512 5034 5360 5045 4991 3411 2586 1688 2039 2554 4287 4724 4491 2426 2260 1858 1882 1791 1884 1918 2321 2454 4288 4494 5667 5714 6076 4401 3584 2911 1780 2107 3123 3408 5278 4774 2619 2298 1665 1615 2779 3114 
1863 2686 2219 3640 8182 5177 5377 5210 4991 4114 2545 1385 1788 2532 4754 5993 4840 2546 2000 1624 1676 1488 1707 1821 2259 2052 3765 4642 6202 6117 6264 4565 3584 2741 1863 2552 2956 3221 5118 5592 2513 2479 1519 1452 2151 2703 
2058 2091 2242 3802 2341 4994 4785 7363 5328 3618 2769 1660 2358 2262 4670 5993 5585 2611 2233 1682 1580 1608 1359 1542 1725 2052 3496 4780 4272 6698 6627 5056 3732 2713 1437 1985 3036 3283 5891 5142 3370 2484 1427 1612 2151 3307 
1673 1866 2307 4552 5468 5145 5270 5158 5413 3718 2530 1337 1686 2072 4590 5787 5790 2599 2128 1600 1434 1442 1388 1503 1624 1724 4395 3755 5684 6096 4977 5047 4318 2839 1212 1611 2970 3479 6324 6210 2889 2368 1383 1577 2113 2601 
1694 2013 2124 4851 4249 5245 5423 4643 4331 3254 2339 1597 1988 2454 4893 6101 5761 2599 2179 1662 1434 1771 1551 1565 2321 1613 4395 3755 6227 6131 6439 4393 3710 3078 1654 1802 3133 3112 6324 4301 2656 2305 1946 1608 2409 2601 
2130 2655 2524 3759 5003 4577 4891 4664 4331 3478 2190 2064 1988 2822 4056 3888 3661 2282 2260 1812 1902 2043 1896 2047 2321 1683 4288 4038 5667 5511 5765 4219 3463 2855 1956 2033 2823 3408 4565 4683 2566 2326 2040 1999 2676 3114 
2130 2244 2290 3543 5274 5181 5469 5383 5045 3478 2670 1830 2180 2532 4694 5381 5038 2546 2217 1705 1676 1857 1665 1736 2375 1683 3913 4601 6279 5945 6264 4639 3585 2831 1674 2412 2946 3396 5118 4683 2788 2410 1519 1850 2676 2577 
1685 2074 2721 3861 2341 5498 5618 5285 5613 3605 3078 1516 2049 1922 4313 6053 5599 2954 2415 1714 1580 1425 1701 1431 1748 2052 3427 4901 4997 6698 6737 4484 3873 3420 1400 1694 2271 2704 5706 4891 3370 2493 1367 1455 2151 2764 
